FID,SOURCE_ID,Health,GiZScore,GiPValue,NNeighbors,Gi_Bin
0,0,2.500000000000000,3.265669637020000,0.001092055730830,98,3
1,1,2.500000000000000,3.941351196290000,0.000081023893273,100,3
2,2,2.500000000000000,-2.616765685260000,0.008876725274650,47,-3
3,3,2.500000000000000,0.906643186346000,0.364595526558000,107,0
4,4,2.500000000000000,0.764141729701000,0.444782793142000,112,0
5,5,2.500000000000000,5.483862591700000,0.000000041613805,70,3
6,6,2.500000000000000,-0.995031753531000,0.319720834130000,29,0
7,7,2.500000000000000,2.445980094840000,0.014445897571400,110,2
8,8,1.500000000000000,-1.690254707940000,0.090979236038100,112,-1
9,9,2.500000000000000,1.174876228220000,0.240044258009000,107,0
10,10,2.500000000000000,-3.058137679350000,0.002227172244850,52,-3
11,11,2.500000000000000,5.224173571690000,0.000000174934631,82,3
12,12,1.500000000000000,-2.941083041500000,0.003270668395510,67,-3
13,13,2.500000000000000,3.030776913850000,0.002439253987250,105,3
14,14,2.500000000000000,1.625120710050000,0.104136840869000,113,0
15,15,2.500000000000000,-0.873804518617000,0.382224728494000,114,0
16,16,2.500000000000000,0.169002321183000,0.865794815690000,107,0
17,17,2.500000000000000,-3.218538167340000,0.001288458220210,61,-3
18,18,1.500000000000000,2.549490220740000,0.010788053662800,82,2
19,19,2.500000000000000,-2.342338230750000,0.019163339462400,48,-2
20,20,2.500000000000000,1.607928040240000,0.107850939824000,111,0
21,21,1.500000000000000,0.101944060713000,0.918801076735000,107,0
22,22,2.500000000000000,-1.008477919700000,0.313225096294000,112,0
23,23,2.500000000000000,4.468845529280000,0.000007864289563,92,3
24,24,2.500000000000000,0.667531924388000,0.504432429170000,106,0
25,25,2.500000000000000,2.388692626210000,0.016908441969200,104,2
26,26,2.500000000000000,2.918391000430000,0.003518428600660,107,3
27,27,2.500000000000000,-3.034448814400000,0.002409756427860,62,-3
28,28,2.500000000000000,4.396745755950000,0.000010988593101,74,3
29,29,1.500000000000000,-2.341286045050000,0.019217437164300,39,-2
30,30,2.500000000000000,0.839584925876000,0.401141162279000,107,0
31,31,1.500000000000000,-2.001856698650000,0.045300145892300,104,-2
32,32,2.500000000000000,3.709551861090000,0.000207626426024,73,3
33,33,2.500000000000000,3.571629115600000,0.000354767574555,68,3
34,34,2.500000000000000,1.992338675500000,0.046333910933200,62,2
35,35,2.500000000000000,-3.055225176860000,0.002248916049550,63,-3
36,36,1.500000000000000,-2.528645338270000,0.011450366768900,35,-2
37,37,2.500000000000000,0.860702872821000,0.389401719323000,111,0
38,38,2.500000000000000,3.857875099010000,0.000114377067226,78,3
39,39,2.500000000000000,1.377740839110000,0.168283317564000,112,0
40,40,2.500000000000000,1.105030123820000,0.269146553966000,112,0
41,41,2.500000000000000,-0.270190201610000,0.787013930747000,40,0
42,42,2.500000000000000,0.571351883999000,0.567761140837000,107,0
43,43,2.500000000000000,5.338818175340000,0.000000093554409,63,3
44,44,2.500000000000000,2.741294415580000,0.006119764434070,112,3
45,45,2.500000000000000,4.896760956200000,0.000000974292374,73,3
46,46,1.500000000000000,-3.230666577730000,0.001235019158950,58,-3
47,47,2.500000000000000,1.794399064560000,0.072749496134200,109,1
48,48,1.500000000000000,-1.338542590710000,0.180719626231000,106,0
49,49,2.500000000000000,-3.143455140590000,0.001669660053490,57,-3
50,50,2.500000000000000,-0.564369531789000,0.572502672465000,115,0
51,51,1.500000000000000,-1.361215823590000,0.173445495048000,116,0
52,52,2.500000000000000,2.220385288670000,0.026392624814400,58,2
53,53,2.500000000000000,3.828455343160000,0.000128950022073,59,3
54,54,2.500000000000000,-0.049250800140200,0.960719427697000,114,0
55,55,2.500000000000000,4.249157991760000,0.000021457554466,71,3
56,56,2.500000000000000,0.746642942409000,0.455279125750000,115,0
57,57,2.500000000000000,0.340180592967000,0.733720532778000,108,0
58,58,2.500000000000000,3.076335540370000,0.002095618721820,109,3
59,59,2.500000000000000,3.898957869800000,0.000096607580250,99,3
60,60,2.500000000000000,3.881842450940000,0.000103668035195,97,3
61,61,2.500000000000000,-1.676990064200000,0.093544424774500,37,-1
62,62,2.500000000000000,0.223651059179000,0.823028830527000,103,0
63,63,1.500000000000000,-2.007234095740000,0.044724742767000,106,-2
64,64,2.500000000000000,-3.318021540310000,0.000906574928771,55,-3
65,65,2.500000000000000,0.489116810383000,0.624759002578000,103,0
66,66,2.500000000000000,4.729573093320000,0.000002249924418,63,3
67,67,2.500000000000000,1.607928040240000,0.107850939824000,111,0
68,68,2.500000000000000,0.322762799720000,0.746874888406000,23,0
69,69,2.500000000000000,-0.565817901339000,0.571517578662000,111,0
70,70,2.500000000000000,0.022898146844500,0.981731518611000,2,0
71,71,2.500000000000000,3.076335540370000,0.002095618721820,109,3
72,72,2.500000000000000,1.159796032810000,0.246131879649000,110,0
73,73,2.500000000000000,1.979575353850000,0.047751264658000,107,2
74,74,2.500000000000000,5.240973466600000,0.000000159731685,90,3
75,75,2.500000000000000,2.126656073140000,0.033448669818300,115,2
76,76,2.500000000000000,-3.489968291680000,0.000483077861356,57,-3
77,77,2.500000000000000,-0.793093212993000,0.427723523843000,25,0
78,78,2.500000000000000,5.289409750980000,0.000000122711711,82,3
79,79,2.500000000000000,3.898957869800000,0.000096607580250,99,3
80,80,2.500000000000000,-3.256580411320000,0.001127629857800,51,-3
81,81,2.500000000000000,2.626871450350000,0.008617388194900,111,3
82,82,2.500000000000000,0.910961423653000,0.362315710129000,36,0
83,83,1.500000000000000,-3.119565781830000,0.001811178143660,66,-3
84,84,1.500000000000000,-2.321494064250000,0.020260194084300,98,-2
85,85,2.500000000000000,1.356590149970000,0.174911473268000,50,0
86,86,0.000000000000000,1.897030423950000,0.057823922822100,105,1
87,87,0.000000000000000,0.138404904110000,0.889920421433000,108,0
88,88,0.000000000000000,0.588984630124000,0.555871587101000,111,0
89,89,1.000000000000000,3.482913507780000,0.000495988580914,72,3
90,90,0.000000000000000,-2.925454637500000,0.003439533178800,60,-3
91,91,0.000000000000000,-0.606380342468000,0.544262222082000,85,0
92,92,0.000000000000000,-0.466397308159000,0.640931139459000,89,0
93,93,0.000000000000000,-1.342658363790000,0.179382622519000,79,0
94,94,0.000000000000000,-1.623770235780000,0.104424854655000,30,0
95,95,0.000000000000000,-1.972402978910000,0.048563622059800,22,-2
96,96,0.000000000000000,0.813169139204000,0.416121098067000,92,0
97,97,0.000000000000000,-0.496476750515000,0.619558088529000,113,0
98,98,0.000000000000000,0.355075656762000,0.722532913722000,112,0
99,99,0.000000000000000,1.923028303870000,0.054476495355900,104,1
100,100,0.000000000000000,-1.584680992730000,0.113038832545000,76,0
101,101,0.000000000000000,-1.779422921220000,0.075170451360900,42,-1
102,102,0.000000000000000,-2.458414172480000,0.013955212887600,54,-2
103,103,0.000000000000000,-0.342198652791000,0.732201399626000,102,0
104,104,0.000000000000000,-0.702755064919000,0.482208409916000,107,0
105,105,0.000000000000000,-0.359599494995000,0.719146661995000,113,0
106,106,0.000000000000000,-2.510759195790000,0.012047184474600,40,-2
107,107,0.000000000000000,5.085293756370000,0.000000367057507,49,3
108,108,0.000000000000000,-0.431534202449000,0.666079990291000,90,0
109,109,0.000000000000000,-2.379342096410000,0.017343571867700,46,-2
110,110,0.000000000000000,-2.631879197930000,0.008491404935490,52,-3
111,111,0.000000000000000,-0.370462555865000,0.711037871856000,105,0
112,112,0.000000000000000,-0.332405036556000,0.739583436504000,108,0
113,113,0.000000000000000,0.317266387427000,0.751041480301000,111,0
114,114,0.000000000000000,3.864262306660000,0.000111425433009,88,3
115,115,0.000000000000000,-2.094581492790000,0.036208211826700,73,-2
116,116,0.000000000000000,2.852143482850000,0.004342549428740,110,3
117,117,1.000000000000000,0.520337604626000,0.602828292477000,32,0
118,118,1.000000000000000,0.499749083008000,0.617251768741000,42,0
119,119,0.000000000000000,-0.040326776997400,0.967832606179000,90,0
120,120,0.000000000000000,-2.439026639350000,0.014726882577800,71,-2
121,121,0.000000000000000,0.666979921409000,0.504784963082000,113,0
122,122,0.000000000000000,5.051739594920000,0.000000437804311,53,3
123,123,0.000000000000000,1.362877726820000,0.172921049407000,110,0
124,124,0.000000000000000,-1.547300946420000,0.121790693638000,77,0
125,125,0.000000000000000,5.736988123130000,0.000000009637501,43,3
126,126,0.000000000000000,1.023990229990000,0.305839903883000,53,0
127,127,0.000000000000000,-0.424712201208000,0.671046489366000,40,0
128,128,0.000000000000000,-2.671513495380000,0.007551003610680,64,-3
129,129,0.000000000000000,0.498591588025000,0.618067134282000,96,0
130,130,0.000000000000000,0.596747444365000,0.550676014417000,84,0
131,131,0.000000000000000,-1.343847342910000,0.178997756634000,29,0
132,132,0.000000000000000,5.030984721390000,0.000000487967038,80,3
133,133,1.000000000000000,4.430834402770000,0.000009386915607,54,3
134,134,0.000000000000000,-1.923790339860000,0.054380868779300,74,-1
135,135,0.000000000000000,0.150542620292000,0.880336527768000,112,0
136,136,0.000000000000000,-0.837104053900000,0.402534090105000,84,0
137,137,1.000000000000000,5.357647518570000,0.000000084312522,80,3
138,138,0.000000000000000,0.234037257910000,0.814956054310000,17,0
139,139,1.000000000000000,1.419655272880000,0.155708065429000,28,0
140,140,0.000000000000000,-2.083312521780000,0.037222746102400,42,-2
141,141,0.000000000000000,-2.591705987310000,0.009550135008510,33,-3
142,142,0.000000000000000,-2.430558183900000,0.015075585294800,68,-2
143,143,0.000000000000000,0.592558811491000,0.553476453944000,104,0
144,144,0.000000000000000,2.604939057930000,0.009189060269700,112,3
145,145,0.000000000000000,-0.222396095874000,0.824005550934000,96,0
146,146,0.000000000000000,0.652947949503000,0.513789839220000,93,0
147,147,0.000000000000000,1.096535494180000,0.272844516301000,98,0
148,148,0.000000000000000,3.461388564870000,0.000537396549286,110,3
149,149,0.000000000000000,-2.265273394950000,0.023495907630100,21,-2
150,150,0.000000000000000,-1.325333339650000,0.185060615765000,32,0
151,151,1.000000000000000,1.029915235330000,0.303049812697000,51,0
152,152,1.000000000000000,2.647444618530000,0.008110264272480,66,3
153,153,0.000000000000000,-2.269650643320000,0.023228788289100,19,-2
154,154,0.000000000000000,-2.392240295710000,0.016745874622100,17,-2
155,155,0.000000000000000,-1.530378723300000,0.125923012375000,115,0
156,156,0.000000000000000,2.450827637650000,0.014252818460000,81,2
157,157,0.000000000000000,3.605098192080000,0.000312034926595,95,3
158,158,0.000000000000000,-1.708628971960000,0.087519698522000,107,-1
159,159,0.000000000000000,-0.200934936496000,0.840749449533000,78,0
160,160,1.000000000000000,-0.370146479909000,0.711273352442000,21,0
161,161,0.000000000000000,4.210008373540000,0.000025536122368,97,3
162,162,0.000000000000000,2.413743506610000,0.015789573221900,103,2
163,163,1.000000000000000,-1.004790195230000,0.314997899648000,26,0
164,164,1.000000000000000,-1.308243031860000,0.190790890764000,23,0
165,165,0.000000000000000,1.235977038670000,0.216467122334000,53,0
166,166,0.000000000000000,-2.727639359280000,0.006378930632150,57,-3
167,167,0.000000000000000,0.845613205444000,0.397768564763000,54,0
168,168,0.000000000000000,-2.857016009740000,0.004276442675770,60,-3
169,169,0.000000000000000,-0.862715963002000,0.388293662428000,76,0
170,170,0.000000000000000,-1.704281955750000,0.088328424373500,105,-1
171,171,0.000000000000000,0.839584925876000,0.401141162279000,107,0
172,172,0.000000000000000,2.536572813710000,0.011194346051700,109,2