Boston_MA
[[1.         0.01541261]
 [0.01541261 1.        ]]

Denver_CO
[[ 1.         0.12014208]
 [0.12014208  1.        ]]

Detroit_MI
[[1.         -0.05326612]
 [-0.05326612 1.        ]]

Las_Vegas_NV
[[ 1.         0.21879978]
 [0.21879978  1.        ]]

Memphis_TN
[[ 1.         0.13477389]
 [0.13477389  1.        ]]

Nashville_TN
[[ 1.         0.16925051]
 [0.16925051  1.        ]]

Oklahoma_City_OK
[[ 1.         0.34111236]
 [0.34111236  1.        ]]

Portland_OR
[[1.         -0.07814249]
 [-0.07814249 1.        ]]

Seattle_WA
[[ 1.         0.04727607]
 [0.04727607  1.        ]]

Washington_DC
[[1.         -0.25422012]
 [-0.25422012 1.        ]]